(0,1)
(1,1)
(2,1)
(3,1)
(3,2)
(3,3)
(4,3)
(5,3)
(5,4)
(5,5)
(6,5)
(6,6)
(7,6)
(6,7)
(6,8)
(7,8)
(7,9)
(8,9)
(9,9)
(10,9)
(11,9)
(12,9)
(13,9)
(14,9)
(15,9)
(16,9)
(17,9)
(18,9)
(19,9)
(19,10)
(19,11)
(19,12)
(20,12)
(21,12)
(21,13)
(21,14)
(22,14)
(23,14)
(24,14)
(25,14)
(25,15)
(26,15)
(27,15)
(28,15)
(29,15)
(29,16)
(29,17)
(29,18)
(29,19)
(29,20)
(29,21)
(30,21)
(31,21)
(31,22)
(31,23)
(32,23)
(33,23)
(34,23)
(35,23)
(36,23)
(37,23)
(38,23)
(37,24)
(38,22)
(39,22)
(40,22)
(39,21)
(39,20)
(40,20)
(41,20)
(42,20)
(42,21)
(42,22)
(43,22)
(44,22)
(44,23)
(45,23)
(46,23)
(46,24)
(46,25)
(46,26)
(45,26)
(45,27)
(45,28)
(46,28)
(45,29)
(44,29)
(43,29)
(43,30)
(43,31)
(42,31)
(42,32)
(42,33)
(43,33)
(42,34)
(42,35)
(42,36)
(43,36)
(41,36)
(41,37)
(41,38)
(42,38)
(42,39)
(42,40)
(42,41)
(43,41)
(43,42)
(44,42)
(45,42)
(45,43)
(45,44)
(45,45)
(46,45)
(47,45)
(47,46)
(47,47)
(47,48)
(47,49)
(47,50)
(47,51)
(47,52)
(47,53)
(47,54)
(47,55)
(48,55)
(48,56)
(48,57)
(49,57)
(50,57)
(51,57)
(52,57)
(53,57)
(48,58)
(48,59)
(49,59)
(48,60)
(47,60)
(47,61)
(47,62)
(48,62)
(49,62)
(50,62)
(49,63)
(49,64)
(49,65)
(50,65)
(51,65)
(51,66)
(52,66)
(53,66)
(52,67)
(52,68)
(52,69)
(53,69)
(53,70)
(54,70)
(55,70)
(56,70)
(57,70)
(58,70)
(58,71)
(58,72)
(58,73)
(58,74)
(58,75)
(59,75)
(58,76)
(58,77)
(59,77)
(60,77)
(61,77)
(61,78)
(61,79)
(61,80)
(61,81)
(61,82)
(62,82)
(63,82)
(63,83)
(64,83)
(65,83)
(65,84)
(65,85)
(65,86)
(65,87)
(65,88)
(65,89)
(66,89)
(67,89)
(67,90)
(68,90)
(68,91)
(69,91)
(69,92)
(70,92)
(71,92)
(71,93)
(72,93)
(73,93)
(73,92)
(74,92)
(75,92)
(75,93)
(76,93)
(76,94)
(76,95)
(77,95)
(78,95)
(76,96)
(76,97)
(77,97)
(77,98)
(78,98)
(78,99)
(79,99)
(80,99)
(80,100)
(81,100)
(80,101)
(80,102)
(81,102)
(82,102)
(81,103)
(81,104)
(81,105)
(82,105)
(81,106)
(81,107)
(82,107)
(82,108)
(82,109)
(82,110)
(83,110)
(84,110)
(84,111)
(85,111)
(86,111)
(86,112)
(87,112)
(88,112)
(89,112)
(90,112)
(91,112)
(92,112)
(92,111)
(88,113)
(88,114)
(89,114)
(90,114)
(90,115)
(91,115)
(92,115)
(92,116)
(93,116)
(90,116)
(90,117)
(90,118)
(91,118)
(92,118)
(92,119)
(93,119)
(94,119)
(95,119)
(96,119)
(97,119)
(98,119)
(98,120)
(98,121)
(96,118)
(96,117)
(97,117)
(98,117)
(92,120)
(92,121)
(93,121)
(94,121)
(94,122)
(95,122)
(96,122)
(96,123)
(97,123)
(97,124)
(98,124)
(94,123)
(92,122)
(95,117)
(95,116)
(95,115)
(96,115)
(96,114)
(97,114)
(98,114)
(98,115)
(96,113)
(96,112)
(89,118)
(96,111)
(97,111)
(98,111)
(95,111)
(96,110)
(94,111)
(94,112)
(94,113)
(96,109)
(97,109)
(98,109)
(95,109)
(96,108)
(88,115)
(94,109)
(96,107)
(96,106)
(90,111)
(96,105)
(97,105)
(98,105)
(98,106)
(97,104)
(95,105)
(86,113)
(88,111)
(94,105)
(94,106)
(94,107)
(85,113)
(85,114)
(85,115)
(86,115)
(85,116)
(85,117)
(86,117)
(87,117)
(85,118)
(85,119)
(86,119)
(87,119)
(85,120)
(85,121)
(86,121)
(87,121)
(88,121)
(89,121)
(90,121)
(87,122)
(87,123)
(87,124)
(88,124)
(89,124)
(90,124)
(90,125)
(91,125)
(92,125)
(93,125)
(91,126)
(91,127)
(92,127)
(93,127)
(94,127)
(95,127)
(96,127)
(97,127)
(98,127)
(98,128)
(98,129)
(96,128)
(93,128)
(95,126)
(95,125)
(91,128)
(91,129)
(91,130)
(91,131)
(92,131)
(93,131)
(94,131)
(95,131)
(96,131)
(95,132)
(95,133)
(96,133)
(97,133)
(98,133)
(98,132)
(95,134)
(95,135)
(96,135)
(97,135)
(98,135)
(98,136)
(98,137)
(98,138)
(98,139)
(98,140)
(97,140)
(97,141)
(97,142)
(97,143)
(98,143)
(97,144)
(97,145)
(98,145)
(97,146)
(97,147)
(97,148)
(98,148)
(96,148)
(95,148)
(95,149)
(95,150)
(96,150)
(97,150)
(98,150)
(96,151)
(96,152)
(97,152)
(98,152)
(97,153)
(97,154)
(98,154)
(97,155)
(94,150)
(94,151)
(94,152)
(93,152)
(93,153)
(93,154)
(94,154)
(95,154)
(93,155)
(93,156)
(94,156)
(94,157)
(94,158)
(95,158)
(96,158)
(97,158)
(98,158)
(98,159)
(98,160)
(96,159)
(96,160)
(96,161)
(96,162)
(96,163)
(97,163)
(98,163)
(98,164)
(98,157)
(94,159)
(96,157)
(92,156)
(92,157)
(92,158)
(92,159)
(92,160)
(92,161)
(93,161)
(94,161)
(94,162)
(92,162)
(92,163)
(92,164)
(92,165)
(93,165)
(94,165)
(94,166)
(95,166)
(96,166)
(97,166)
(98,166)
(92,166)
(92,167)
(92,168)
(93,168)
(94,168)
(95,168)
(96,168)
(94,169)
(94,170)
(94,171)
(95,171)
(96,171)
(97,171)
(98,171)
(97,172)
(97,173)
(98,173)
(98,174)
(98,175)
(98,176)
(98,177)
(98,178)
(98,179)
(98,180)
(98,181)
(98,182)
(98,183)
(97,183)
(96,183)
(96,184)
(96,185)
(97,185)
(98,185)
(98,186)
(98,187)
(96,186)
(95,186)
(95,187)
(95,188)
(96,188)
(95,189)
(95,190)
(96,190)
(97,190)
(98,190)
(96,191)
(96,192)
(97,192)
(98,192)
(97,193)
(95,192)
(95,193)
(95,194)
(95,195)
(96,195)
(97,195)
(98,195)
(97,196)
(95,196)
(95,197)
(95,198)
(96,198)
(97,198)
(98,198)
(99,198)
Maze solved!