(0,1)
(1,1)
(2,1)
(3,1)
(4,1)
(5,1)
(6,1)
(7,1)
(7,2)
(8,2)
(9,2)
(10,2)
(11,2)
(12,2)
(12,3)
(12,4)
(12,5)
(12,6)
(13,6)
(14,6)
(15,6)
(16,6)
(16,5)
(17,5)
(17,4)
(18,4)
(19,4)
(19,5)
(20,5)
(21,5)
(21,4)
(22,4)
(23,4)
(24,4)
(24,3)
(25,3)
(26,3)
(26,4)
(26,5)
(27,5)
(28,5)
(28,4)
(29,4)
(29,3)
(30,3)
(31,3)
(32,3)
(33,3)
(34,3)
(35,3)
(36,3)
(37,3)
(38,3)
(38,4)
(38,5)
(38,6)
(38,7)
(37,7)
(36,7)
(35,7)
(34,7)
(34,8)
(33,8)
(33,9)
(32,9)
(31,9)
(30,9)
(30,10)
(30,11)
(29,11)
(29,12)
(29,13)
(29,14)
(28,14)
(27,14)
(27,15)
(27,16)
(27,17)
(27,18)
(27,19)
(27,20)
(26,20)
(26,21)
(26,22)
(26,23)
(25,23)
(25,24)
(25,25)
(26,25)
(26,26)
(26,27)
(26,28)
(27,28)
(28,28)
(29,28)
(30,28)
(30,29)
(30,30)
(30,31)
(29,31)
(29,32)
(28,32)
(28,33)
(28,34)
(27,34)
(27,35)
(27,36)
(27,37)
(27,38)
(27,39)
(27,40)
(27,41)
(27,42)
(28,42)
(29,42)
(29,43)
(29,44)
(29,45)
(30,45)
(31,45)
(31,46)
(31,47)
(31,48)
(31,49)
(31,50)
(31,51)
(32,51)
(33,51)
(34,51)
(35,51)
(35,52)
(35,53)
(36,53)
(37,53)
(38,53)
(39,53)
(40,53)
(41,53)
(42,53)
(42,54)
(43,54)
(44,54)
(45,54)
(45,55)
(45,56)
(46,56)
(47,56)
(48,56)
(48,57)
(49,57)
(49,58)
(50,58)
(50,59)
(51,59)
(51,60)
(51,61)
(50,61)
(50,62)
(50,63)
(50,64)
(50,65)
(50,66)
(50,67)
(50,68)
(50,69)
(50,70)
(51,70)
(52,70)
(53,70)
(54,70)
(54,71)
(55,71)
(56,71)
(57,71)
(58,71)
(59,71)
(60,71)
(61,71)
(62,71)
(63,71)
(64,71)
(65,71)
(66,71)
(67,71)
(68,71)
(68,72)
(69,72)
(70,72)
(70,71)
(71,71)
(72,71)
(73,71)
(74,71)
(75,71)
(76,71)
(77,71)
(78,71)
(78,70)
(79,70)
(80,70)
(81,70)
(82,70)
(82,71)
(83,71)
(83,72)
(83,73)
(83,74)
(84,74)
(85,74)
(86,74)
(87,74)
(87,73)
(88,73)
(88,72)
(89,72)
(90,72)
(91,72)
(91,73)
(92,73)
(93,73)
(94,73)
(95,73)
(96,73)
(96,74)
(97,74)
(98,74)
(98,75)
(98,76)
(98,77)
(99,77)
(100,77)
(100,78)
(101,78)
(102,78)
(103,78)
(104,78)
(104,79)
(105,79)
(106,79)
(106,80)
(106,81)
(106,82)
(106,83)
(106,84)
(107,84)
(108,84)
(108,83)
(109,83)
(110,83)
(111,83)
(111,84)
(111,85)
(112,85)
(113,85)
(113,86)
(114,86)
(115,86)
(116,86)
(117,86)
(117,87)
(117,88)
(118,88)
(119,88)
(120,88)
(121,88)
(121,89)
(121,90)
(122,90)
(123,90)
(124,90)
(125,90)
(125,91)
(125,92)
(126,92)
(126,93)
(127,93)
(127,94)
(128,94)
(129,94)
(129,95)
(129,96)
(130,96)
(131,96)
(131,97)
(131,98)
(131,99)
(131,100)
(131,101)
(132,101)
(132,102)
(132,103)
(133,103)
(134,103)
(134,104)
(134,105)
(135,105)
(135,106)
(136,106)
(137,106)
(137,107)
(138,107)
(139,107)
(140,107)
(140,108)
(140,109)
(141,109)
(142,109)
(143,109)
(144,109)
(144,110)
(144,111)
(145,111)
(145,112)
(146,112)
(147,112)
(147,113)
(148,113)
(149,113)
(150,113)
(151,113)
(152,113)
(153,113)
(154,113)
(154,114)
(154,115)
(155,115)
(156,115)
(157,115)
(158,115)
(159,115)
(160,115)
(161,115)
(161,116)
(161,117)
(162,117)
(163,117)
(163,118)
(164,118)
(164,119)
(164,120)
(164,121)
(164,122)
(165,122)
(165,123)
(165,124)
(165,125)
(166,125)
(167,125)
(168,125)
(169,125)
(170,125)
(170,126)
(171,126)
(171,127)
(172,127)
(173,127)
(174,127)
(175,127)
(176,127)
(177,127)
(178,127)
(178,126)
(179,126)
(180,126)
(181,126)
(182,126)
(183,126)
(184,126)
(185,126)
(185,127)
(185,128)
(186,128)
(186,129)
(186,130)
(186,131)
(186,132)
(187,132)
(187,133)
(187,134)
(187,135)
(187,136)
(187,137)
(187,138)
(188,138)
(188,139)
(189,139)
(190,139)
(191,139)
(192,139)
(192,140)
(192,141)
(192,142)
(192,143)
(193,143)
(193,144)
(194,144)
(195,144)
(196,144)
(197,144)
(197,145)
(198,145)
(199,145)
(200,145)
(201,145)
(202,145)
(203,145)
(204,145)
(204,146)
(205,146)
(206,146)
(206,147)
(206,148)
(206,149)
(206,150)
(207,150)
(207,151)
(207,152)
(208,152)
(208,153)
(208,154)
(209,154)
(210,154)
(211,154)
(211,155)
(212,155)
(212,156)
(212,157)
(212,158)
(213,158)
(214,158)
(215,158)
(215,159)
(216,159)
(217,159)
(218,159)
(219,159)
(220,159)
(221,159)
(222,159)
(223,159)
(224,159)
(225,159)
(225,160)
(226,160)
(226,161)
(226,162)
(226,163)
(226,164)
(226,165)
(226,166)
(227,166)
(228,166)
(229,166)
(230,166)
(231,166)
(232,166)
(233,166)
(234,166)
(234,167)
(235,167)
(236,167)
(236,168)
(237,168)
(238,168)
(238,169)
(238,170)
(238,171)
(238,172)
(239,172)
(239,173)
(239,174)
(240,174)
(241,174)
(241,175)
(242,175)
(242,176)
(242,177)
(242,178)
(242,179)
(242,180)
(242,181)
(242,182)
(242,183)
(243,183)
(244,183)
(244,184)
(244,185)
(245,185)
(246,185)
(246,186)
(246,187)
(246,188)
(247,188)
(248,188)
(249,188)
(250,188)
(251,188)
(252,188)
(252,189)
(253,189)
(254,189)
(254,190)
(254,191)
(254,192)
(254,193)
(255,193)
(255,194)
(255,195)
(256,195)
(257,195)
(257,196)
(257,197)
(258,197)
(259,197)
(260,197)
(261,197)
(262,197)
(263,197)
(264,197)
(265,197)
(266,197)
(266,198)
(267,198)
(267,199)
(268,199)
(268,200)
(269,200)
(270,200)
(271,200)
(271,201)
(271,202)
(271,203)
(271,204)
(272,204)
(272,205)
(273,205)
(274,205)
(275,205)
(275,206)
(276,206)
(277,206)
(277,207)
(278,207)
(279,207)
(280,207)
(281,207)
(282,207)
(283,207)
(284,207)
(285,207)
(286,207)
(287,207)
(288,207)
(289,207)
(290,207)
(291,207)
(292,207)
(293,207)
(294,207)
(294,208)
(294,209)
(295,209)
(295,210)
(296,210)
(297,210)
(298,210)
(298,211)
(299,211)
(299,212)
(299,213)
(299,214)
(299,215)
(300,215)
(301,215)
(302,215)
(303,215)
(304,215)
(305,215)
(306,215)
(307,215)
(307,216)
(308,216)
(309,216)
(309,215)
(310,215)
(311,215)
(312,215)
(313,215)
(314,215)
(315,215)
(315,216)
(315,217)
(315,218)
(315,219)
(315,220)
(316,220)
(317,220)
(317,221)
(318,221)
(319,221)
(319,222)
(320,222)
(321,222)
(322,222)
(323,222)
(323,223)
(323,224)
(323,225)
(324,225)
(325,225)
(326,225)
(327,225)
(328,225)
(328,226)
(329,226)
(330,226)
(330,227)
(330,228)
(330,229)
(330,230)
(331,230)
(331,231)
(332,231)
(333,231)
(334,231)
(335,231)
(335,232)
(336,232)
(337,232)
(337,233)
(338,233)
(339,233)
(340,233)
(341,233)
(342,233)
(343,233)
(344,233)
(345,233)
(345,232)
(346,232)
(346,231)
(347,231)
(348,231)
(349,231)
(349,230)
(350,230)
(351,230)
(351,231)
(352,231)
(353,231)
(353,232)
(354,232)
(354,233)
(354,234)
(355,234)
(356,234)
(356,235)
(356,236)
(356,237)
(356,238)
(357,238)
(358,238)
(359,238)
(360,238)
(361,238)
(362,238)
(363,238)
(363,237)
(364,237)
(365,237)
(366,237)
(367,237)
(368,237)
(369,237)
(369,238)
(369,239)
(370,239)
(371,239)
(372,239)
(373,239)
(373,240)
(373,241)
(373,242)
(373,243)
(373,244)
(374,244)
(375,244)
(376,244)
(377,244)
(378,244)
(379,244)
(379,245)
(380,245)
(381,245)
(382,245)
(383,245)
(383,246)
(384,246)
(384,247)
(384,248)
(385,248)
(385,249)
(385,250)
(386,250)
(387,250)
(388,250)
(388,251)
(389,251)
(389,252)
(390,252)
(391,252)
(391,251)
(391,250)
(391,249)
(392,249)
(393,249)
(393,248)
(394,248)
(395,248)
(395,247)
(395,246)
(395,245)
(396,245)
(397,245)
(397,244)
(398,244)
(399,244)
(400,244)
(401,244)
(402,244)
(403,244)
(403,243)
(404,243)
(404,242)
(405,242)
(406,242)
(407,242)
(408,242)
(408,243)
(409,243)
(409,244)
(410,244)
(410,245)
(411,245)
(411,246)
(412,246)
(413,246)
(414,246)
(414,247)
(414,248)
(415,248)
(416,248)
(417,248)
(418,248)
(419,248)
(420,248)
(421,248)
(422,248)
(423,248)
(423,247)
(424,247)
(425,247)
(426,247)
(427,247)
(428,247)
(429,247)
(430,247)
(431,247)
(431,246)
(432,246)
(433,246)
(434,246)
(435,246)
(436,246)
(437,246)
(438,246)
(439,246)
(440,246)
(441,246)
(442,246)
(443,246)
(444,246)
(445,246)
(446,246)
(447,246)
(448,246)
(449,246)
(450,246)
(450,247)
(451,247)
(451,248)
(451,249)
(452,249)
(453,249)
(453,248)
(454,248)
(455,248)
(455,249)
(455,250)
(456,250)
(457,250)
(458,250)
(458,251)
(459,251)
(460,251)
(461,251)
(462,251)
(463,251)
(463,252)
(463,253)
(463,254)
(464,254)
(465,254)
(466,254)
(467,254)
(468,254)
(469,254)
(470,254)
(471,254)
(472,254)
(473,254)
(474,254)
(475,254)
(475,255)
(476,255)
(477,255)
(478,255)
(479,255)
(480,255)
(481,255)
(482,255)
(483,255)
(484,255)
(484,254)
(484,253)
(485,253)
(486,253)
(486,254)
(487,254)
(488,254)
(488,255)
(488,256)
(489,256)
(489,257)
(489,258)
(489,259)
(489,260)
(489,261)
(490,261)
(491,261)
(491,262)
(492,262)
(493,262)
(494,262)
(495,262)
(496,262)
(496,263)
(496,264)
(496,265)
(496,266)
(497,266)
(498,266)
(499,266)
(500,266)
(501,266)
(502,266)
(502,265)
(502,264)
(502,263)
(503,263)
(504,263)
(505,263)
(506,263)
(506,264)
(507,264)
(508,264)
(508,263)
(509,263)
(509,262)
(509,261)
(509,260)
(510,260)
(510,259)
(511,259)
(511,258)
(511,257)
(512,257)
(513,257)
(513,258)
(514,258)
(515,258)
(516,258)
(517,258)
(518,258)
(519,258)
(520,258)
(520,257)
(520,256)
(520,255)
(521,255)
(522,255)
(523,255)
(524,255)
(525,255)
(525,256)
(526,256)
(527,256)
(527,257)
(528,257)
(529,257)
(530,257)
(531,257)
(532,257)
(532,256)
(533,256)
(534,256)
(535,256)
(536,256)
(537,256)
(538,256)
(538,257)
(538,258)
(538,259)
(539,259)
(540,259)
(540,260)
(541,260)
(542,260)
(543,260)
(544,260)
(545,260)
(546,260)
(547,260)
(548,260)
(548,261)
(548,262)
(549,262)
(550,262)
(551,262)
(552,262)
(553,262)
(554,262)
(555,262)
(555,263)
(556,263)
(557,263)
(558,263)
(559,263)
(560,263)
(561,263)
(562,263)
(563,263)
(564,263)
(564,262)
(565,262)
(566,262)
(566,263)
(567,263)
(568,263)
(569,263)
(570,263)
(571,263)
(571,262)
(572,262)
(572,261)
(573,261)
(574,261)
(574,262)
(575,262)
(575,263)
(576,263)
(577,263)
(578,263)
(579,263)
(579,262)
(580,262)
(581,262)
(581,261)
(582,261)
(583,261)
(584,261)
(585,261)
(586,261)
(587,261)
(588,261)
(589,261)
(590,261)
(590,262)
(591,262)
(592,262)
(593,262)
(594,262)
(595,262)
(596,262)
(597,262)
(598,262)
(599,262)
(600,262)
(600,261)
(600,260)
(600,259)
(601,259)
(602,259)
(602,260)
(603,260)
(604,260)
(605,260)
(606,260)
(607,260)
(608,260)
(608,259)
(609,259)
(610,259)
(611,259)
(612,259)
(613,259)
(614,259)
(615,259)
(616,259)
(617,259)
(618,259)
(619,259)
(620,259)
(621,259)
(621,260)
(621,261)
(621,262)
(622,262)
(623,262)
(624,262)
(625,262)
(625,263)
(626,263)
(627,263)
(628,263)
(629,263)
(629,264)
(629,265)
(630,265)
(631,265)
(631,264)
(632,264)
(632,263)
(633,263)
(634,263)
(634,262)
(635,262)
(636,262)
(636,261)
(637,261)
(637,260)
(638,260)
(638,259)
(639,259)
(640,259)
(641,259)
(642,259)
(642,260)
(643,260)
(644,260)
(645,260)
(646,260)
(647,260)
(647,261)
(648,261)
(649,261)
(650,261)
(651,261)
(651,260)
(651,259)
(651,258)
(652,258)
(653,258)
(653,259)
(654,259)
(655,259)
(656,259)
(657,259)
(657,260)
(658,260)
(659,260)
(660,260)
(661,260)
(662,260)
(663,260)
(663,259)
(664,259)
(664,258)
(664,257)
(664,256)
(665,256)
(666,256)
(667,256)
(668,256)
(669,256)
(669,257)
(670,257)
(671,257)
(671,256)
(672,256)
(673,256)
(674,256)
(675,256)
(676,256)
(676,257)
(676,258)
(677,258)
(678,258)
(678,257)
(678,256)
(679,256)
(680,256)
(681,256)
(682,256)
(683,256)
(684,256)
(685,256)
(686,256)
(686,257)
(687,257)
(688,257)
(689,257)
(689,256)
(689,255)
(689,254)
(690,254)
(690,253)
(691,253)
(692,253)
(693,253)
(694,253)
(695,253)
(696,253)
(696,254)
(696,255)
(696,256)
(696,257)
(697,257)
(698,257)
(699,257)
(699,256)
(700,256)
(701,256)
(701,257)
(702,257)
(703,257)
(703,258)
(704,258)
(704,259)
(705,259)
(705,260)
(706,260)
(707,260)
(708,260)
(709,260)
(710,260)
(711,260)
(711,261)
(711,262)
(712,262)
(712,263)
(712,264)
(712,265)
(712,266)
(713,266)
(714,266)
(714,267)
(714,268)
(714,269)
(715,269)
(716,269)
(716,270)
(716,271)
(717,271)
(718,271)
(719,271)
(719,270)
(720,270)
(721,270)
(722,270)
(723,270)
(724,270)
(725,270)
(726,270)
(726,271)
(726,272)
(726,273)
(727,273)
(728,273)
(729,273)
(730,273)
(731,273)
(732,273)
(733,273)
(734,273)
(735,273)
(736,273)
(736,272)
(737,272)
(738,272)
(738,271)
(739,271)
(740,271)
(741,271)
(742,271)
(743,271)
(744,271)
(745,271)
(746,271)
(746,270)
(746,269)
(746,268)
(747,268)
(748,268)
(748,269)
(749,269)
(750,269)
(751,269)
(752,269)
(753,269)
(754,269)
(755,269)
(756,269)
(756,270)
(756,271)
(757,271)
(758,271)
(758,272)
(759,272)
(760,272)
(761,272)
(762,272)
(763,272)
(764,272)
(765,272)
(766,272)
(767,272)
(768,272)
(769,272)
(769,273)
(770,273)
(771,273)
(772,273)
(773,273)
(774,273)
(774,272)
(775,272)
(776,272)
(776,271)
(776,270)
(776,269)
(777,269)
(778,269)
(779,269)
(780,269)
(781,269)
(782,269)
(783,269)
(783,270)
(784,270)
(785,270)
(786,270)
(786,271)
(787,271)
(788,271)
(788,272)
(789,272)
(790,272)
(791,272)
(792,272)
(793,272)
(793,273)
(793,274)
(794,274)
(795,274)
(796,274)
(797,274)
(797,275)
(797,276)
(797,277)
(797,278)
(798,278)
(799,278)
(800,278)
(801,278)
(802,278)
(803,278)
(804,278)
(805,278)
(806,278)
(807,278)
(807,279)
(807,280)
(808,280)
(809,280)
(809,281)
(809,282)
(810,282)
(811,282)
(811,281)
(812,281)
(813,281)
(814,281)
(814,282)
(814,283)
(814,284)
(815,284)
(816,284)
(817,284)
(817,285)
(818,285)
(818,286)
(818,287)
(819,287)
(820,287)
(821,287)
(822,287)
(823,287)
(824,287)
(825,287)
(825,286)
(826,286)
(827,286)
(828,286)
(828,285)
(829,285)
(830,285)
(831,285)
(832,285)
(832,286)
(833,286)
(834,286)
(834,287)
(834,288)
(835,288)
(836,288)
(836,289)
(836,290)
(836,291)
(836,292)
(837,292)
(838,292)
(839,292)
(839,293)
(840,293)
(841,293)
(842,293)
(843,293)
(844,293)
(844,294)
(844,295)
(845,295)
(846,295)
(847,295)
(848,295)
(849,295)
(850,295)
(851,295)
(851,296)
(851,297)
(851,298)
(852,298)
(853,298)
(853,299)
(853,300)
(854,300)
(855,300)
(856,300)
(857,300)
(857,301)
(857,302)
(858,302)
(858,303)
(858,304)
(858,305)
(858,306)
(858,307)
(859,307)
(860,307)
(860,308)
(860,309)
(860,310)
(861,310)
(862,310)
(862,311)
(862,312)
(863,312)
(864,312)
(864,313)
(865,313)
(866,313)
(867,313)
(868,313)
(869,313)
(870,313)
(870,312)
(870,311)
(871,311)
(872,311)
(873,311)
(874,311)
(875,311)
(876,311)
(877,311)
(877,312)
(877,313)
(878,313)
(879,313)
(879,312)
(880,312)
(880,311)
(881,311)
(882,311)
(882,310)
(883,310)
(883,309)
(884,309)
(884,308)
(884,307)
(885,307)
(886,307)
(887,307)
(888,307)
(888,308)
(889,308)
(889,309)
(889,310)
(890,310)
(891,310)
(892,310)
(892,311)
(893,311)
(894,311)
(894,310)
(895,310)
(896,310)
(896,311)
(897,311)
(897,312)
(898,312)
(899,312)
(899,313)
(899,314)
(899,315)
(899,316)
(899,317)
(900,317)
(901,317)
(902,317)
(903,317)
(904,317)
(905,317)
(905,316)
(906,316)
(907,316)
(908,316)
(909,316)
(909,317)
(910,317)
(911,317)
(912,317)
(913,317)
(914,317)
(914,318)
(915,318)
(916,318)
(917,318)
(918,318)
(918,319)
(918,320)
(919,320)
(920,320)
(921,320)
(922,320)
(923,320)
(923,321)
(924,321)
(924,322)
(925,322)
(926,322)
(926,321)
(927,321)
(928,321)
(929,321)
(930,321)
(931,321)
(932,321)
(932,322)
(932,323)
(932,324)
(933,324)
(933,325)
(934,325)
(935,325)
(935,326)
(935,327)
(936,327)
(937,327)
(938,327)
(939,327)
(940,327)
(941,327)
(942,327)
(943,327)
(944,327)
(945,327)
(946,327)
(946,328)
(947,328)
(948,328)
(949,328)
(950,328)
(951,328)
(952,328)
(953,328)
(954,328)
(954,327)
(954,326)
(954,325)
(955,325)
(956,325)
(956,326)
(957,326)
(958,326)
(959,326)
(960,326)
(961,326)
(961,327)
(962,327)
(963,327)
(963,328)
(963,329)
(964,329)
(965,329)
(965,328)
(966,328)
(966,327)
(967,327)
(968,327)
(969,327)
(969,328)
(969,329)
(969,330)
(969,331)
(969,332)
(969,333)
(968,333)
(967,333)
(967,334)
(967,335)
(967,336)
(967,337)
(967,338)
(968,338)
(968,339)
(968,340)
(967,340)
(966,340)
(966,341)
(966,342)
(965,342)
(964,342)
(964,343)
(963,343)
(963,344)
(963,345)
(963,346)
(964,346)
(964,347)
(964,348)
(964,349)
(964,350)
(964,351)
(963,351)
(962,351)
(961,351)
(960,351)
(959,351)
(959,352)
(959,353)
(959,354)
(959,355)
(959,356)
(959,357)
(959,358)
(959,359)
(959,360)
(959,361)
(959,362)
(959,363)
(960,363)
(960,364)
(960,365)
(959,365)
(958,365)
(957,365)
(956,365)
(955,365)
(954,365)
(954,366)
(954,367)
(953,367)
(952,367)
(952,368)
(952,369)
(951,369)
(950,369)
(949,369)
(949,370)
(949,371)
(950,371)
(950,372)
(950,373)
(950,374)
(950,375)
(950,376)
(950,377)
(950,378)
(950,379)
(951,379)
(951,380)
(952,380)
(952,381)
(952,382)
(952,383)
(953,383)
(953,384)
(953,385)
(953,386)
(952,386)
(952,387)
(952,388)
(952,389)
(952,390)
(952,391)
(952,392)
(952,393)
(952,394)
(952,395)
(951,395)
(951,396)
(951,397)
(951,398)
(951,399)
(950,399)
(950,400)
(949,400)
(949,401)
(949,402)
(949,403)
(949,404)
(950,404)
(950,405)
(950,406)
(950,407)
(950,408)
(951,408)
(951,409)
(952,409)
(953,409)
(953,410)
(953,411)
(953,412)
(954,412)
(954,413)
(955,413)
(955,414)
(955,415)
(955,416)
(956,416)
(957,416)
(958,416)
(959,416)
(960,416)
(961,416)
(961,417)
(961,418)
(961,419)
(962,419)
(962,420)
(963,420)
(963,421)
(964,421)
(964,422)
(964,423)
(964,424)
(964,425)
(964,426)
(964,427)
(963,427)
(963,428)
(963,429)
(963,430)
(963,431)
(962,431)
(962,432)
(962,433)
(962,434)
(962,435)
(962,436)
(962,437)
(962,438)
(962,439)
(961,439)
(960,439)
(960,440)
(960,441)
(960,442)
(960,443)
(960,444)
(960,445)
(960,446)
(960,447)
(960,448)
(959,448)
(958,448)
(958,449)
(958,450)
(958,451)
(958,452)
(957,452)
(957,453)
(956,453)
(956,454)
(956,455)
(955,455)
(955,456)
(955,457)
(954,457)
(953,457)
(953,458)
(952,458)
(952,459)
(951,459)
(950,459)
(950,460)
(950,461)
(950,462)
(950,463)
(950,464)
(950,465)
(950,466)
(949,466)
(949,467)
(948,467)
(948,468)
(947,468)
(947,469)
(947,470)
(948,470)
(948,471)
(948,472)
(948,473)
(947,473)
(947,474)
(947,475)
(946,475)
(946,476)
(946,477)
(946,478)
(945,478)
(944,478)
(943,478)
(942,478)
(941,478)
(941,479)
(941,480)
(941,481)
(941,482)
(941,483)
(941,484)
(941,485)
(941,486)
(941,487)
(941,488)
(941,489)
(940,489)
(940,490)
(940,491)
(939,491)
(939,492)
(939,493)
(939,494)
(939,495)
(939,496)
(939,497)
(939,498)
(939,499)
(939,500)
(939,501)
(939,502)
(938,502)
(938,503)
(938,504)
(939,504)
(939,505)
(939,506)
(938,506)
(938,507)
(938,508)
(937,508)
(937,509)
(936,509)
(936,510)
(936,511)
(935,511)
(935,512)
(934,512)
(934,513)
(934,514)
(934,515)
(935,515)
(936,515)
(936,516)
(936,517)
(936,518)
(937,518)
(938,518)
(938,519)
(938,520)
(938,521)
(938,522)
(938,523)
(938,524)
(938,525)
(938,526)
(938,527)
(938,528)
(938,529)
(938,530)
(937,530)
(937,531)
(937,532)
(937,533)
(936,533)
(935,533)
(934,533)
(933,533)
(933,534)
(932,534)
(931,534)
(931,535)
(930,535)
(930,536)
(930,537)
(930,538)
(929,538)
(928,538)
(928,539)
(928,540)
(927,540)
(926,540)
(925,540)
(925,541)
(925,542)
(924,542)
(924,543)
(924,544)
(924,545)
(924,546)
(924,547)
(924,548)
(924,549)
(924,550)
(924,551)
(924,552)
(923,552)
(923,553)
(923,554)
(924,554)
(924,555)
(924,556)
(923,556)
(922,556)
(922,557)
(922,558)
(922,559)
(922,560)
(923,560)
(923,561)
(923,562)
(923,563)
(923,564)
(922,564)
(922,565)
(922,566)
(922,567)
(921,567)
(920,567)
(920,568)
(920,569)
(920,570)
(920,571)
(920,572)
(920,573)
(920,574)
(920,575)
(919,575)
(918,575)
(918,576)
(918,577)
(918,578)
(918,579)
(918,580)
(918,581)
(918,582)
(918,583)
(918,584)
(918,585)
(918,586)
(918,587)
(919,587)
(919,588)
(919,589)
(919,590)
(919,591)
(920,591)
(920,592)
(920,593)
(921,593)
(921,594)
(921,595)
(921,596)
(920,596)
(920,597)
(920,598)
(919,598)
(919,599)
(919,600)
(919,601)
(918,601)
(917,601)
(917,602)
(917,603)
(916,603)
(915,603)
(915,604)
(915,605)
(915,606)
(914,606)
(914,607)
(914,608)
(914,609)
(914,610)
(913,610)
(912,610)
(912,611)
(912,612)
(911,612)
(910,612)
(909,612)
(909,613)
(909,614)
(909,615)
(909,616)
(908,616)
(908,617)
(908,618)
(908,619)
(908,620)
(908,621)
(908,622)
(908,623)
(908,624)
(908,625)
(908,626)
(908,627)
(908,628)
(907,628)
(907,629)
(906,629)
(906,630)
(906,631)
(906,632)
(907,632)
(907,633)
(907,634)
(907,635)
(907,636)
(908,636)
(909,636)
(910,636)
(911,636)
(911,637)
(911,638)
(911,639)
(910,639)
(910,640)
(910,641)
(910,642)
(909,642)
(909,643)
(909,644)
(909,645)
(908,645)
(907,645)
(906,645)
(906,646)
(905,646)
(904,646)
(904,647)
(904,648)
(904,649)
(904,650)
(904,651)
(903,651)
(902,651)
(902,652)
(902,653)
(902,654)
(902,655)
(902,656)
(902,657)
(901,657)
(901,658)
(901,659)
(901,660)
(901,661)
(900,661)
(900,662)
(899,662)
(899,663)
(899,664)
(899,665)
(899,666)
(899,667)
(899,668)
(899,669)
(898,669)
(898,670)
(898,671)
(898,672)
(898,673)
(898,674)
(898,675)
(898,676)
(898,677)
(898,678)
(898,679)
(898,680)
(898,681)
(898,682)
(899,682)
(900,682)
(901,682)
(901,683)
(901,684)
(902,684)
(902,685)
(902,686)
(901,686)
(901,687)
(901,688)
(901,689)
(900,689)
(900,690)
(900,691)
(900,692)
(900,693)
(900,694)
(900,695)
(900,696)
(901,696)
(901,697)
(901,698)
(900,698)
(899,698)
(898,698)
(897,698)
(896,698)
(896,699)
(896,700)
(896,701)
(895,701)
(895,702)
(895,703)
(895,704)
(895,705)
(895,706)
(895,707)
(895,708)
(895,709)
(895,710)
(896,710)
(897,710)
(898,710)
(899,710)
(899,711)
(900,711)
(901,711)
(902,711)
(902,712)
(903,712)
(904,712)
(904,713)
(904,714)
(904,715)
(904,716)
(904,717)
(905,717)
(905,718)
(905,719)
(905,720)
(905,721)
(905,722)
(905,723)
(905,724)
(905,725)
(905,726)
(905,727)
(905,728)
(905,729)
(906,729)
(907,729)
(907,730)
(908,730)
(908,731)
(908,732)
(907,732)
(906,732)
(906,733)
(906,734)
(906,735)
(906,736)
(906,737)
(906,738)
(906,739)
(906,740)
(906,741)
(906,742)
(906,743)
(906,744)
(906,745)
(906,746)
(905,746)
(905,747)
(905,748)
(905,749)
(905,750)
(905,751)
(905,752)
(906,752)
(906,753)
(906,754)
(905,754)
(905,755)
(905,756)
(905,757)
(905,758)
(904,758)
(904,759)
(904,760)
(904,761)
(905,761)
(905,762)
(905,763)
(905,764)
(905,765)
(904,765)
(904,766)
(904,767)
(904,768)
(904,769)
(904,770)
(905,770)
(905,771)
(905,772)
(905,773)
(904,773)
(903,773)
(903,774)
(903,775)
(903,776)
(903,777)
(903,778)
(903,779)
(902,779)
(902,780)
(902,781)
(902,782)
(903,782)
(903,783)
(903,784)
(902,784)
(902,785)
(901,785)
(900,785)
(900,786)
(900,787)
(900,788)
(900,789)
(901,789)
(901,790)
(901,791)
(901,792)
(901,793)
(901,794)
(901,795)
(902,795)
(902,796)
(902,797)
(903,797)
(903,798)
(903,799)
(902,799)
(902,800)
(902,801)
(902,802)
(902,803)
(902,804)
(902,805)
(902,806)
(902,807)
(902,808)
(902,809)
(902,810)
(902,811)
(903,811)
(903,812)
(904,812)
(904,813)
(905,813)
(906,813)
(906,814)
(907,814)
(908,814)
(909,814)
(909,815)
(910,815)
(911,815)
(912,815)
(912,816)
(913,816)
(914,816)
(915,816)
(915,817)
(915,818)
(915,819)
(916,819)
(916,820)
(916,821)
(917,821)
(917,822)
(917,823)
(917,824)
(917,825)
(917,826)
(917,827)
(917,828)
(917,829)
(917,830)
(918,830)
(918,831)
(919,831)
(920,831)
(921,831)
(921,832)
(921,833)
(921,834)
(922,834)
(923,834)
(924,834)
(924,835)
(925,835)
(925,836)
(926,836)
(926,837)
(926,838)
(927,838)
(927,839)
(927,840)
(927,841)
(927,842)
(927,843)
(928,843)
(928,844)
(928,845)
(929,845)
(929,846)
(929,847)
(929,848)
(929,849)
(930,849)
(931,849)
(931,850)
(931,851)
(931,852)
(932,852)
(932,853)
(932,854)
(932,855)
(933,855)
(933,856)
(934,856)
(934,857)
(934,858)
(934,859)
(934,860)
(933,860)
(933,861)
(933,862)
(933,863)
(933,864)
(933,865)
(932,865)
(932,866)
(932,867)
(932,868)
(932,869)
(932,870)
(932,871)
(932,872)
(932,873)
(932,874)
(932,875)
(932,876)
(932,877)
(931,877)
(930,877)
(930,878)
(930,879)
(929,879)
(928,879)
(927,879)
(927,880)
(926,880)
(926,881)
(925,881)
(924,881)
(923,881)
(923,882)
(922,882)
(922,883)
(921,883)
(920,883)
(919,883)
(919,882)
(918,882)
(917,882)
(917,883)
(917,884)
(917,885)
(916,885)
(915,885)
(915,886)
(915,887)
(914,887)
(913,887)
(913,888)
(913,889)
(913,890)
(913,891)
(913,892)
(913,893)
(913,894)
(913,895)
(914,895)
(915,895)
(915,896)
(915,897)
(914,897)
(914,898)
(914,899)
(914,900)
(914,901)
(914,902)
(915,902)
(915,903)
(915,904)
(915,905)
(915,906)
(915,907)
(915,908)
(916,908)
(916,909)
(916,910)
(915,910)
(915,911)
(915,912)
(915,913)
(915,914)
(914,914)
(914,915)
(914,916)
(914,917)
(914,918)
(914,919)
(914,920)
(913,920)
(913,921)
(913,922)
(913,923)
(913,924)
(913,925)
(914,925)
(914,926)
(915,926)
(916,926)
(916,927)
(917,927)
(918,927)
(918,928)
(918,929)
(918,930)
(919,930)
(919,931)
(919,932)
(919,933)
(919,934)
(919,935)
(919,936)
(919,937)
(919,938)
(919,939)
(919,940)
(919,941)
(918,941)
(918,942)
(918,943)
(918,944)
(918,945)
(918,946)
(918,947)
(919,947)
(919,948)
(919,949)
(919,950)
(919,951)
(919,952)
(918,952)
(918,953)
(918,954)
(918,955)
(918,956)
(918,957)
(918,958)
(918,959)
(918,960)
(917,960)
(917,961)
(917,962)
(917,963)
(917,964)
(917,965)
(917,966)
(917,967)
(917,968)
(918,968)
(919,968)
(919,969)
(919,970)
(919,971)
(919,972)
(919,973)
(920,973)
(920,974)
(920,975)
(920,976)
(921,976)
(922,976)
(923,976)
(924,976)
(925,976)
(926,976)
(927,976)
(927,977)
(927,978)
(928,978)
(928,979)
(928,980)
(928,981)
(928,982)
(928,983)
(928,984)
(928,985)
(928,986)
(929,986)
(929,987)
(930,987)
(930,988)
(930,989)
(930,990)
(930,991)
(930,992)
(930,993)
(929,993)
(929,994)
(928,994)
(928,995)
(928,996)
(928,997)
(928,998)
(928,999)
(928,1000)
(928,1001)
(929,1001)
(929,1002)
(930,1002)
(931,1002)
(931,1003)
(931,1004)
(931,1005)
(932,1005)
(933,1005)
(933,1006)
(934,1006)
(934,1007)
(934,1008)
(935,1008)
(935,1009)
(936,1009)
(937,1009)
(938,1009)
(938,1010)
(938,1011)
(938,1012)
(938,1013)
(938,1014)
(938,1015)
(938,1016)
(938,1017)
(938,1018)
(937,1018)
(936,1018)
(935,1018)
(934,1018)
(934,1019)
(934,1020)
(934,1021)
(935,1021)
(935,1022)
(936,1022)
(936,1023)
(936,1024)
(936,1025)
(936,1026)
(936,1027)
(936,1028)
(937,1028)
(938,1028)
(938,1029)
(938,1030)
(938,1031)
(938,1032)
(938,1033)
(938,1034)
(938,1035)
(938,1036)
(938,1037)
(938,1038)
(938,1039)
(938,1040)
(939,1040)
(939,1041)
(940,1041)
(940,1042)
(941,1042)
(941,1043)
(941,1044)
(941,1045)
(940,1045)
(940,1046)
(940,1047)
(940,1048)
(940,1049)
(939,1049)
(939,1050)
(938,1050)
(938,1051)
(938,1052)
(938,1053)
(938,1054)
(938,1055)
(939,1055)
(939,1056)
(939,1057)
(939,1058)
(939,1059)
(940,1059)
(940,1060)
(940,1061)
(940,1062)
(940,1063)
(941,1063)
(942,1063)
(943,1063)
(943,1064)
(944,1064)
(944,1065)
(944,1066)
(943,1066)
(942,1066)
(942,1067)
(942,1068)
(942,1069)
(942,1070)
(943,1070)
(944,1070)
(944,1071)
(944,1072)
(944,1073)
(943,1073)
(943,1074)
(943,1075)
(943,1076)
(943,1077)
(943,1078)
(943,1079)
(943,1080)
(943,1081)
(943,1082)
(943,1083)
(943,1084)
(944,1084)
(945,1084)
(945,1085)
(945,1086)
(945,1087)
(945,1088)
(944,1088)
(944,1089)
(944,1090)
(943,1090)
(942,1090)
(942,1091)
(942,1092)
(942,1093)
(941,1093)
(941,1094)
(941,1095)
(941,1096)
(941,1097)
(941,1098)
(940,1098)
(940,1099)
(940,1100)
(940,1101)
(940,1102)
(940,1103)
(940,1104)
(940,1105)
(940,1106)
(940,1107)
(941,1107)
(941,1108)
(941,1109)
(941,1110)
(941,1111)
(940,1111)
(940,1112)
(939,1112)
(938,1112)
(938,1113)
(938,1114)
(938,1115)
(938,1116)
(938,1117)
(937,1117)
(936,1117)
(935,1117)
(935,1118)
(934,1118)
(933,1118)
(932,1118)
(932,1119)
(932,1120)
(932,1121)
(932,1122)
(931,1122)
(931,1123)
(930,1123)
(929,1123)
(928,1123)
(928,1124)
(928,1125)
(928,1126)
(928,1127)
(928,1128)
(928,1129)
(928,1130)
(927,1130)
(927,1131)
(927,1132)
(928,1132)
(928,1133)
(928,1134)
(928,1135)
(928,1136)
(929,1136)
(929,1137)
(930,1137)
(930,1138)
(930,1139)
(930,1140)
(930,1141)
(930,1142)
(930,1143)
(930,1144)
(929,1144)
(929,1145)
(929,1146)
(930,1146)
(930,1147)
(930,1148)
(931,1148)
(931,1149)
(931,1150)
(930,1150)
(930,1151)
(930,1152)
(929,1152)
(929,1153)
(928,1153)
(928,1154)
(928,1155)
(927,1155)
(926,1155)
(926,1156)
(926,1157)
(926,1158)
(927,1158)
(928,1158)
(928,1159)
(928,1160)
(928,1161)
(929,1161)
(930,1161)
(930,1162)
(930,1163)
(931,1163)
(931,1164)
(931,1165)
(931,1166)
(931,1167)
(931,1168)
(931,1169)
(932,1169)
(933,1169)
(933,1170)
(933,1171)
(933,1172)
(933,1173)
(934,1173)
(935,1173)
(936,1173)
(936,1174)
(936,1175)
(937,1175)
(937,1176)
(938,1176)
(938,1177)
(938,1178)
(938,1179)
(938,1180)
(938,1181)
(938,1182)
(938,1183)
(937,1183)
(936,1183)
(935,1183)
(935,1184)
(935,1185)
(935,1186)
(935,1187)
(935,1188)
(935,1189)
(935,1190)
(934,1190)
(934,1191)
(933,1191)
(933,1192)
(933,1193)
(933,1194)
(934,1194)
(935,1194)
(935,1195)
(935,1196)
(935,1197)
(935,1198)
(936,1198)
(936,1199)
(936,1200)
(936,1201)
(936,1202)
(937,1202)
(937,1203)
(937,1204)
(937,1205)
(937,1206)
(938,1206)
(938,1207)
(938,1208)
(938,1209)
(939,1209)
(939,1210)
(940,1210)
(940,1211)
(940,1212)
(941,1212)
(942,1212)
(942,1213)
(942,1214)
(942,1215)
(942,1216)
(942,1217)
(942,1218)
(942,1219)
(942,1220)
(943,1220)
(943,1221)
(944,1221)
(944,1222)
(944,1223)
(944,1224)
(944,1225)
(944,1226)
(944,1227)
(944,1228)
(944,1229)
(944,1230)
(944,1231)
(944,1232)
(944,1233)
(943,1233)
(943,1234)
(943,1235)
(943,1236)
(943,1237)
(944,1237)
(944,1238)
(944,1239)
(944,1240)
(944,1241)
(944,1242)
(944,1243)
(944,1244)
(943,1244)
(942,1244)
(942,1245)
(942,1246)
(942,1247)
(942,1248)
(942,1249)
(942,1250)
(943,1250)
(943,1251)
(944,1251)
(944,1252)
(944,1253)
(943,1253)
(943,1254)
(942,1254)
(942,1255)
(942,1256)
(943,1256)
(944,1256)
(944,1257)
(944,1258)
(944,1259)
(944,1260)
(944,1261)
(944,1262)
(944,1263)
(944,1264)
(944,1265)
(944,1266)
(944,1267)
(945,1267)
(945,1268)
(945,1269)
(945,1270)
(945,1271)
(945,1272)
(945,1273)
(945,1274)
(945,1275)
(945,1276)
(945,1277)
(945,1278)
(945,1279)
(946,1279)
(946,1280)
(946,1281)
(947,1281)
(948,1281)
(949,1281)
(950,1281)
(951,1281)
(951,1282)
(951,1283)
(951,1284)
(951,1285)
(952,1285)
(952,1286)
(952,1287)
(952,1288)
(952,1289)
(952,1290)
(952,1291)
(951,1291)
(951,1292)
(951,1293)
(951,1294)
(951,1295)
(951,1296)
(951,1297)
(951,1298)
(951,1299)
(951,1300)
(951,1301)
(951,1302)
(951,1303)
(950,1303)
(949,1303)
(949,1304)
(949,1305)
(949,1306)
(949,1307)
(949,1308)
(949,1309)
(949,1310)
(949,1311)
(949,1312)
(949,1313)
(949,1314)
(949,1315)
(949,1316)
(949,1317)
(950,1317)
(950,1318)
(950,1319)
(950,1320)
(950,1321)
(950,1322)
(950,1323)
(950,1324)
(951,1324)
(951,1325)
(951,1326)
(951,1327)
(951,1328)
(952,1328)
(953,1328)
(953,1329)
(954,1329)
(955,1329)
(955,1330)
(955,1331)
(955,1332)
(955,1333)
(956,1333)
(956,1334)
(956,1335)
(956,1336)
(956,1337)
(956,1338)
(956,1339)
(956,1340)
(956,1341)
(956,1342)
(957,1342)
(957,1343)
(957,1344)
(958,1344)
(959,1344)
(960,1344)
(961,1344)
(961,1345)
(961,1346)
(961,1347)
(961,1348)
(961,1349)
(961,1350)
(961,1351)
(961,1352)
(961,1353)
(961,1354)
(961,1355)
(961,1356)
(961,1357)
(961,1358)
(960,1358)
(960,1359)
(960,1360)
(960,1361)
(960,1362)
(960,1363)
(959,1363)
(958,1363)
(957,1363)
(957,1364)
(957,1365)
(957,1366)
(957,1367)
(957,1368)
(957,1369)
(956,1369)
(955,1369)
(955,1370)
(955,1371)
(954,1371)
(953,1371)
(953,1372)
(953,1373)
(953,1374)
(952,1374)
(952,1375)
(952,1376)
(952,1377)
(951,1377)
(951,1378)
(951,1379)
(951,1380)
(951,1381)
(951,1382)
(951,1383)
(950,1383)
(949,1383)
(948,1383)
(947,1383)
(947,1384)
(947,1385)
(947,1386)
(947,1387)
(947,1388)
(947,1389)
(947,1390)
(947,1391)
(947,1392)
(947,1393)
(948,1393)
(949,1393)
(950,1393)
(950,1394)
(951,1394)
(951,1395)
(951,1396)
(951,1397)
(951,1398)
(951,1399)
(951,1400)
(951,1401)
(952,1401)
(952,1402)
(952,1403)
(952,1404)
(952,1405)
(952,1406)
(952,1407)
(952,1408)
(952,1409)
(952,1410)
(953,1410)
(953,1411)
(953,1412)
(953,1413)
(953,1414)
(953,1415)
(953,1416)
(953,1417)
(953,1418)
(952,1418)
(952,1419)
(952,1420)
(953,1420)
(954,1420)
(955,1420)
(955,1421)
(955,1422)
(955,1423)
(955,1424)
(955,1425)
(956,1425)
(956,1426)
(956,1427)
(956,1428)
(956,1429)
(956,1430)
(956,1431)
(956,1432)
(956,1433)
(956,1434)
(956,1435)
(957,1435)
(957,1436)
(957,1437)
(958,1437)
(958,1438)
(958,1439)
(958,1440)
(957,1440)
(956,1440)
(956,1441)
(956,1442)
(956,1443)
(956,1444)
(956,1445)
(956,1446)
(956,1447)
(955,1447)
(954,1447)
(954,1448)
(954,1449)
(953,1449)
(953,1450)
(953,1451)
(953,1452)
(953,1453)
(954,1453)
(954,1454)
(955,1454)
(956,1454)
(956,1455)
(957,1455)
(958,1455)
(958,1456)
(958,1457)
(958,1458)
(958,1459)
(958,1460)
(958,1461)
(958,1462)
(958,1463)
(958,1464)
(958,1465)
(958,1466)
(957,1466)
(957,1467)
(956,1467)
(955,1467)
(954,1467)
(953,1467)
(953,1468)
(953,1469)
(952,1469)
(952,1470)
(952,1471)
(951,1471)
(951,1472)
(951,1473)
(951,1474)
(951,1475)
(951,1476)
(951,1477)
(951,1478)
(950,1478)
(949,1478)
(949,1479)
(949,1480)
(949,1481)
(949,1482)
(949,1483)
(948,1483)
(948,1484)
(948,1485)
(948,1486)
(948,1487)
(948,1488)
(949,1488)
(949,1489)
(949,1490)
(948,1490)
(947,1490)
(946,1490)
(946,1491)
(946,1492)
(945,1492)
(944,1492)
(944,1493)
(944,1494)
(944,1495)
(945,1495)
(945,1496)
(946,1496)
(946,1497)
(946,1498)
(946,1499)
(946,1500)
(946,1501)
(946,1502)
(945,1502)
(945,1503)
(945,1504)
(946,1504)
(946,1505)
(946,1506)
(946,1507)
(946,1508)
(946,1509)
(947,1509)
(948,1509)
(948,1510)
(948,1511)
(948,1512)
(949,1512)
(949,1513)
(949,1514)
(949,1515)
(948,1515)
(948,1516)
(948,1517)
(948,1518)
(948,1519)
(948,1520)
(947,1520)
(946,1520)
(945,1520)
(945,1521)
(945,1522)
(945,1523)
(946,1523)
(946,1524)
(947,1524)
(948,1524)
(948,1525)
(948,1526)
(948,1527)
(948,1528)
(948,1529)
(948,1530)
(949,1530)
(949,1531)
(950,1531)
(950,1532)
(950,1533)
(950,1534)
(950,1535)
(950,1536)
(950,1537)
(950,1538)
(950,1539)
(950,1540)
(950,1541)
(949,1541)
(949,1542)
(949,1543)
(948,1543)
(947,1543)
(947,1544)
(947,1545)
(947,1546)
(947,1547)
(946,1547)
(946,1548)
(946,1549)
(945,1549)
(945,1550)
(944,1550)
(944,1551)
(943,1551)
(943,1552)
(943,1553)
(943,1554)
(943,1555)
(943,1556)
(943,1557)
(943,1558)
(943,1559)
(943,1560)
(944,1560)
(944,1561)
(944,1562)
(943,1562)
(942,1562)
(942,1563)
(942,1564)
(942,1565)
(942,1566)
(941,1566)
(941,1567)
(941,1568)
(941,1569)
(941,1570)
(941,1571)
(941,1572)
(941,1573)
(941,1574)
(941,1575)
(941,1576)
(941,1577)
(941,1578)
(941,1579)
(941,1580)
(940,1580)
(940,1581)
(940,1582)
(940,1583)
(939,1583)
(939,1584)
(939,1585)
(939,1586)
(939,1587)
(939,1588)
(939,1589)
(939,1590)
(940,1590)
(941,1590)
(941,1591)
(941,1592)
(941,1593)
(942,1593)
(942,1594)
(943,1594)
(943,1595)
(943,1596)
(943,1597)
(943,1598)
(944,1598)
(944,1599)
(944,1600)
(945,1600)
(945,1601)
(945,1602)
(946,1602)
(946,1603)
(946,1604)
(946,1605)
(945,1605)
(945,1606)
(945,1607)
(945,1608)
(945,1609)
(945,1610)
(945,1611)
(945,1612)
(945,1613)
(945,1614)
(944,1614)
(944,1615)
(944,1616)
(944,1617)
(944,1618)
(944,1619)
(945,1619)
(945,1620)
(945,1621)
(945,1622)
(945,1623)
(945,1624)
(944,1624)
(943,1624)
(943,1625)
(943,1626)
(944,1626)
(945,1626)
(946,1626)
(947,1626)
(947,1627)
(947,1628)
(948,1628)
(949,1628)
(950,1628)
(950,1629)
(950,1630)
(950,1631)
(950,1632)
(950,1633)
(950,1634)
(950,1635)
(950,1636)
(951,1636)
(952,1636)
(952,1637)
(953,1637)
(953,1638)
(953,1639)
(952,1639)
(951,1639)
(951,1640)
(951,1641)
(950,1641)
(949,1641)
(949,1642)
(948,1642)
(948,1643)
(948,1644)
(948,1645)
(948,1646)
(948,1647)
(948,1648)
(949,1648)
(949,1649)
(949,1650)
(949,1651)
(950,1651)
(950,1652)
(951,1652)
(952,1652)
(952,1653)
(952,1654)
(952,1655)
(951,1655)
(950,1655)
(950,1656)
(950,1657)
(950,1658)
(950,1659)
(950,1660)
(950,1661)
(951,1661)
(951,1662)
(951,1663)
(951,1664)
(950,1664)
(950,1665)
(950,1666)
(950,1667)
(950,1668)
(950,1669)
(949,1669)
(949,1670)
(948,1670)
(948,1671)
(948,1672)
(949,1672)
(950,1672)
(951,1672)
(951,1673)
(951,1674)
(952,1674)
(953,1674)
(954,1674)
(955,1674)
(956,1674)
(956,1675)
(957,1675)
(957,1676)
(957,1677)
(957,1678)
(957,1679)
(957,1680)
(957,1681)
(956,1681)
(956,1682)
(956,1683)
(956,1684)
(956,1685)
(956,1686)
(956,1687)
(956,1688)
(956,1689)
(956,1690)
(955,1690)
(955,1691)
(954,1691)
(954,1692)
(954,1693)
(954,1694)
(955,1694)
(956,1694)
(956,1695)
(956,1696)
(957,1696)
(958,1696)
(958,1697)
(958,1698)
(958,1699)
(958,1700)
(958,1701)
(958,1702)
(958,1703)
(958,1704)
(958,1705)
(958,1706)
(959,1706)
(959,1707)
(959,1708)
(959,1709)
(959,1710)
(959,1711)
(958,1711)
(958,1712)
(958,1713)
(959,1713)
(959,1714)
(960,1714)
(960,1715)
(960,1716)
(960,1717)
(960,1718)
(959,1718)
(959,1719)
(959,1720)
(959,1721)
(960,1721)
(960,1722)
(961,1722)
(962,1722)
(962,1723)
(963,1723)
(963,1724)
(964,1724)
(964,1725)
(965,1725)
(965,1726)
(965,1727)
(965,1728)
(966,1728)
(967,1728)
(967,1729)
(968,1729)
(968,1730)
(969,1730)
(969,1731)
(969,1732)
(968,1732)
(968,1733)
(967,1733)
(967,1734)
(967,1735)
(966,1735)
(966,1736)
(966,1737)
(967,1737)
(968,1737)
(968,1738)
(968,1739)
(968,1740)
(968,1741)
(968,1742)
(968,1743)
(969,1743)
(969,1744)
(969,1745)
(970,1745)
(970,1746)
(971,1746)
(972,1746)
(972,1747)
(972,1748)
(972,1749)
(972,1750)
(972,1751)
(972,1752)
(973,1752)
(974,1752)
(974,1753)
(974,1754)
(974,1755)
(975,1755)
(976,1755)
(976,1756)
(976,1757)
(976,1758)
(977,1758)
(978,1758)
(979,1758)
(979,1759)
(979,1760)
(980,1760)
(980,1761)
(980,1762)
(980,1763)
(981,1763)
(982,1763)
(982,1764)
(983,1764)
(984,1764)
(985,1764)
(985,1765)
(985,1766)
(985,1767)
(985,1768)
(985,1769)
(984,1769)
(984,1770)
(983,1770)
(983,1771)
(983,1772)
(984,1772)
(984,1773)
(984,1774)
(984,1775)
(984,1776)
(984,1777)
(984,1778)
(983,1778)
(983,1779)
(983,1780)
(984,1780)
(984,1781)
(984,1782)
(984,1783)
(984,1784)
(984,1785)
(984,1786)
(984,1787)
(984,1788)
(985,1788)
(986,1788)
(987,1788)
(987,1789)
(987,1790)
(987,1791)
(987,1792)
(986,1792)
(986,1793)
(986,1794)
(985,1794)
(984,1794)
(983,1794)
(983,1795)
(983,1796)
(982,1796)
(981,1796)
(981,1797)
(981,1798)
(981,1799)
(980,1799)
(980,1800)
(980,1801)
(981,1801)
(981,1802)
(981,1803)
(980,1803)
(980,1804)
(980,1805)
(979,1805)
(979,1806)
(979,1807)
(979,1808)
(978,1808)
(977,1808)
(976,1808)
(976,1809)
(976,1810)
(976,1811)
(976,1812)
(976,1813)
(976,1814)
(976,1815)
(976,1816)
(976,1817)
(976,1818)
(977,1818)
(977,1819)
(977,1820)
(977,1821)
(977,1822)
(977,1823)
(977,1824)
(978,1824)
(979,1824)
(979,1825)
(979,1826)
(979,1827)
(978,1827)
(978,1828)
(977,1828)
(976,1828)
(976,1829)
(976,1830)
(976,1831)
(976,1832)
(977,1832)
(977,1833)
(977,1834)
(977,1835)
(978,1835)
(978,1836)
(978,1837)
(978,1838)
(979,1838)
(980,1838)
(980,1839)
(980,1840)
(980,1841)
(979,1841)
(979,1842)
(979,1843)
(979,1844)
(979,1845)
(979,1846)
(979,1847)
(979,1848)
(978,1848)
(978,1849)
(978,1850)
(979,1850)
(979,1851)
(980,1851)
(980,1852)
(980,1853)
(980,1854)
(980,1855)
(981,1855)
(982,1855)
(982,1856)
(982,1857)
(982,1858)
(982,1859)
(983,1859)
(984,1859)
(985,1859)
(985,1860)
(985,1861)
(986,1861)
(987,1861)
(988,1861)
(988,1862)
(989,1862)
(989,1863)
(989,1864)
(989,1865)
(989,1866)
(989,1867)
(989,1868)
(988,1868)
(987,1868)
(987,1869)
(987,1870)
(986,1870)
(986,1871)
(986,1872)
(987,1872)
(988,1872)
(988,1873)
(988,1874)
(988,1875)
(989,1875)
(989,1876)
(989,1877)
(989,1878)
(990,1878)
(990,1879)
(990,1880)
(991,1880)
(992,1880)
(992,1881)
(993,1881)
(994,1881)
(995,1881)
(996,1881)
(997,1881)
(997,1880)
(998,1880)
(999,1880)
Maze solved!
