(0,1)
(1,1)
(1,2)
(1,3)
(1,4)
(1,5)
(1,6)
(1,7)
(2,7)
(2,8)
(2,9)
(2,10)
(3,10)
(3,11)
(3,12)
(3,13)
(2,13)
(1,13)
(1,14)
(1,15)
(1,16)
(2,16)
(3,16)
(3,17)
(3,18)
(3,19)
(4,19)
(4,20)
(4,21)
(4,22)
(5,22)
(6,22)
(6,23)
(7,23)
(7,24)
(7,25)
(7,26)
(8,26)
(9,26)
(9,27)
(9,28)
(9,29)
(9,30)
(9,31)
(10,31)
(11,31)
(11,32)
(11,33)
(10,33)
(10,34)
(10,35)
(10,36)
(11,36)
(12,36)
(12,37)
(12,38)
(12,39)
(12,40)
(12,41)
(12,42)
(13,42)
(13,43)
(13,44)
(13,45)
(13,46)
(13,47)
(13,48)
(14,48)
(14,49)
(15,49)
(15,50)
(15,51)
(16,51)
(17,51)
(17,52)
(18,52)
(19,52)
(20,52)
(21,52)
(22,52)
(23,52)
(23,53)
(24,53)
(24,54)
(25,54)
(26,54)
(26,55)
(26,56)
(26,57)
(27,57)
(27,58)
(27,59)
(28,59)
(29,59)
(30,59)
(30,60)
(30,61)
(30,62)
(31,62)
(31,63)
(31,64)
(32,64)
(33,64)
(34,64)
(35,64)
(36,64)
(36,65)
(37,65)
(37,66)
(38,66)
(39,66)
(39,67)
(40,67)
(40,68)
(40,69)
(40,70)
(40,71)
(41,71)
(42,71)
(43,71)
(43,72)
(43,73)
(43,74)
(42,74)
(42,75)
(42,76)
(42,77)
(42,78)
(42,79)
(42,80)
(42,81)
(41,81)
(41,82)
(41,83)
(41,84)
(41,85)
(41,86)
(42,86)
(43,86)
(44,86)
(45,86)
(46,86)
(47,86)
(48,86)
(48,87)
(49,87)
(50,87)
(51,87)
(51,88)
(52,88)
(52,89)
(52,90)
(51,90)
(51,91)
(51,92)
(50,92)
(50,93)
(50,94)
(50,95)
(50,96)
(50,97)
(50,98)
(50,99)
(51,99)
(51,100)
(52,100)
(53,100)
(54,100)
(55,100)
(56,100)
(57,100)
(58,100)
(58,101)
(58,102)
(59,102)
(59,103)
(59,104)
(59,105)
(59,106)
(60,106)
(61,106)
(62,106)
(62,107)
(62,108)
(62,109)
(62,110)
(62,111)
(63,111)
(64,111)
(65,111)
(65,112)
(66,112)
(66,113)
(67,113)
(68,113)
(69,113)
(70,113)
(71,113)
(72,113)
(73,113)
(73,114)
(73,115)
(73,116)
(73,117)
(73,118)
(74,118)
(74,119)
(74,120)
(74,121)
(75,121)
(76,121)
(77,121)
(77,122)
(77,123)
(76,123)
(76,124)
(76,125)
(76,126)
(77,126)
(78,126)
(78,127)
(79,127)
(80,127)
(80,126)
(80,125)
(80,124)
(80,123)
(80,122)
(81,122)
(82,122)
(83,122)
(83,123)
(84,123)
(85,123)
(86,123)
(86,122)
(86,121)
(87,121)
(88,121)
(89,121)
(90,121)
(91,121)
(92,121)
(93,121)
(94,121)
(94,120)
(94,119)
(94,118)
(95,118)
(96,118)
(97,118)
(98,118)
(99,118)
(100,118)
(100,117)
(101,117)
(102,117)
(102,116)
(102,115)
(102,114)
(103,114)
(104,114)
(104,113)
(105,113)
(106,113)
(106,114)
(107,114)
(108,114)
(109,114)
(109,113)
(110,113)
(111,113)
(112,113)
(113,113)
(114,113)
(115,113)
(116,113)
(116,112)
(116,111)
(116,110)
(116,109)
(117,109)
(118,109)
(118,108)
(118,107)
(118,106)
(118,105)
(118,104)
(119,104)
(120,104)
(120,103)
(120,102)
(121,102)
(122,102)
(122,101)
(123,101)
(124,101)
(125,101)
(126,101)
(126,100)
(127,100)
(128,100)
(128,99)
(129,99)
(129,98)
(129,97)
(129,96)
(130,96)
(130,95)
(131,95)
(132,95)
(133,95)
(134,95)
(135,95)
(135,96)
(136,96)
(137,96)
(138,96)
(139,96)
(139,95)
(140,95)
(141,95)
(142,95)
(143,95)
(143,94)
(143,93)
(143,92)
(144,92)
(145,92)
(146,92)
(147,92)
(148,92)
(149,92)
(150,92)
(151,92)
(152,92)
(152,91)
(152,90)
(152,89)
(152,88)
(153,88)
(153,87)
(153,86)
(153,85)
(153,84)
(154,84)
(155,84)
(156,84)
(157,84)
(157,83)
(157,82)
(158,82)
(159,82)
(160,82)
(161,82)
(162,82)
(163,82)
(164,82)
(165,82)
(165,81)
(166,81)
(166,80)
(167,80)
(167,79)
(168,79)
(169,79)
(169,78)
(169,77)
(170,77)
(171,77)
(172,77)
(173,77)
(174,77)
(174,76)
(175,76)
(176,76)
(176,75)
(177,75)
(178,75)
(179,75)
(179,76)
(180,76)
(181,76)
(182,76)
(183,76)
(184,76)
(185,76)
(186,76)
(186,75)
(187,75)
(188,75)
(189,75)
(190,75)
(191,75)
(192,75)
(193,75)
(194,75)
(195,75)
(196,75)
(197,75)
(198,75)
(199,75)
(200,75)
(200,76)
(201,76)
(201,77)
(201,78)
(202,78)
(203,78)
(204,78)
(205,78)
(206,78)
(207,78)
(208,78)
(209,78)
(209,79)
(210,79)
(211,79)
(212,79)
(213,79)
(213,80)
(213,81)
(214,81)
(215,81)
(216,81)
(217,81)
(217,82)
(217,83)
(218,83)
(219,83)
(220,83)
(221,83)
(221,84)
(222,84)
(223,84)
(224,84)
(225,84)
(226,84)
(227,84)
(228,84)
(229,84)
(229,83)
(230,83)
(231,83)
(232,83)
(233,83)
(234,83)
(234,84)
(234,85)
(235,85)
(236,85)
(237,85)
(238,85)
(239,85)
(239,86)
(240,86)
(240,87)
(240,88)
(240,89)
(240,90)
(241,90)
(242,90)
(243,90)
(244,90)
(245,90)
(245,91)
(246,91)
(246,92)
(247,92)
(248,92)
(249,92)
(250,92)
(250,91)
(251,91)
(252,91)
(253,91)
(254,91)
(255,91)
(256,91)
(256,90)
(256,89)
(257,89)
(258,89)
(259,89)
(259,88)
(260,88)
(261,88)
(261,89)
(262,89)
(263,89)
(263,88)
(263,87)
(264,87)
(265,87)
(266,87)
(267,87)
(268,87)
(269,87)
(270,87)
(271,87)
(272,87)
(273,87)
(274,87)
(275,87)
(276,87)
(277,87)
(277,86)
(277,85)
(278,85)
(279,85)
(280,85)
(281,85)
(282,85)
(283,85)
(284,85)
(284,86)
(284,87)
(284,88)
(284,89)
(284,90)
(285,90)
(286,90)
(287,90)
(288,90)
(288,89)
(289,89)
(289,88)
(289,87)
(290,87)
(291,87)
(292,87)
(293,87)
(294,87)
(294,86)
(295,86)
(296,86)
(297,86)
(298,86)
(299,86)
(299,85)
(299,84)
(300,84)
(301,84)
(302,84)
(303,84)
(303,85)
(304,85)
(305,85)
(305,84)
(306,84)
(307,84)
(307,85)
(307,86)
(308,86)
(309,86)
(309,87)
(310,87)
(311,87)
(312,87)
(313,87)
(313,88)
(313,89)
(313,90)
(314,90)
(315,90)
(315,91)
(315,92)
(316,92)
(317,92)
(318,92)
(319,92)
(319,91)
(319,90)
(319,89)
(320,89)
(321,89)
(322,89)
(323,89)
(324,89)
(325,89)
(326,89)
(327,89)
(328,89)
(328,88)
(329,88)
(329,87)
(329,86)
(329,85)
(330,85)
(331,85)
(332,85)
(332,84)
(333,84)
(334,84)
(334,85)
(335,85)
(336,85)
(336,84)
(336,83)
(337,83)
(338,83)
(339,83)
(339,82)
(339,81)
(340,81)
(340,80)
(340,79)
(340,78)
(340,77)
(341,77)
(342,77)
(343,77)
(343,76)
(343,75)
(344,75)
(345,75)
(346,75)
(346,74)
(347,74)
(348,74)
(349,74)
(349,73)
(350,73)
(351,73)
(352,73)
(352,72)
(352,71)
(353,71)
(354,71)
(355,71)
(356,71)
(357,71)
(358,71)
(358,70)
(359,70)
(360,70)
(360,69)
(360,68)
(361,68)
(361,67)
(362,67)
(362,66)
(362,65)
(362,64)
(362,63)
(363,63)
(364,63)
(365,63)
(365,62)
(365,61)
(366,61)
(367,61)
(368,61)
(369,61)
(369,62)
(369,63)
(370,63)
(371,63)
(371,64)
(372,64)
(373,64)
(374,64)
(375,64)
(375,65)
(375,66)
(376,66)
(377,66)
(378,66)
(379,66)
(380,66)
(381,66)
(381,65)
(382,65)
(383,65)
(383,64)
(383,63)
(383,62)
(383,61)
(382,61)
(381,61)
(380,61)
(379,61)
(379,60)
(379,59)
(378,59)
(377,59)
(376,59)
(376,58)
(376,57)
(377,57)
(378,57)
(378,56)
(378,55)
(378,54)
(378,53)
(378,52)
(379,52)
(380,52)
(381,52)
(382,52)
(383,52)
(384,52)
(385,52)
(385,51)
(385,50)
(386,50)
(387,50)
(388,50)
(389,50)
(390,50)
(391,50)
(392,50)
(393,50)
(394,50)
(395,50)
(396,50)
(397,50)
(398,50)
(398,49)
(399,49)
(400,49)
(401,49)
(402,49)
(403,49)
(404,49)
(404,48)
(405,48)
(406,48)
(407,48)
(407,47)
(407,46)
(408,46)
(409,46)
(410,46)
(410,45)
(410,44)
(410,43)
(411,43)
(411,42)
(411,41)
(411,40)
(412,40)
(412,39)
(412,38)
(413,38)
(413,37)
(413,36)
(414,36)
(415,36)
(415,37)
(415,38)
(415,39)
(416,39)
(417,39)
(417,40)
(417,41)
(417,42)
(418,42)
(419,42)
(420,42)
(420,43)
(421,43)
(421,44)
(422,44)
(423,44)
(424,44)
(425,44)
(426,44)
(427,44)
(428,44)
(428,45)
(429,45)
(430,45)
(430,46)
(430,47)
(430,48)
(429,48)
(428,48)
(427,48)
(427,49)
(427,50)
(427,51)
(427,52)
(428,52)
(428,53)
(429,53)
(430,53)
(431,53)
(432,53)
(432,52)
(433,52)
(434,52)
(435,52)
(435,53)
(436,53)
(437,53)
(437,52)
(437,51)
(438,51)
(438,50)
(439,50)
(439,49)
(440,49)
(441,49)
(442,49)
(443,49)
(444,49)
(444,48)
(445,48)
(446,48)
(447,48)
(448,48)
(449,48)
(450,48)
(450,47)
(451,47)
(452,47)
(452,46)
(453,46)
(454,46)
(454,45)
(455,45)
(456,45)
(457,45)
(457,44)
(457,43)
(457,42)
(457,41)
(457,40)
(458,40)
(458,39)
(459,39)
(460,39)
(461,39)
(462,39)
(463,39)
(464,39)
(464,38)
(465,38)
(466,38)
(467,38)
(468,38)
(469,38)
(469,39)
(470,39)
(471,39)
(471,40)
(471,41)
(472,41)
(473,41)
(474,41)
(474,42)
(475,42)
(476,42)
(477,42)
(478,42)
(479,42)
(480,42)
(481,42)
(482,42)
(483,42)
(484,42)
(484,41)
(485,41)
(486,41)
(487,41)
(488,41)
(489,41)
(490,41)
(491,41)
(492,41)
(493,41)
(494,41)
(495,41)
(496,41)
(497,41)
(498,41)
(499,41)
(500,41)
(501,41)
(502,41)
(503,41)
(504,41)
(504,40)
(505,40)
(506,40)
(507,40)
(508,40)
(509,40)
(509,41)
(510,41)
(511,41)
(511,40)
(511,39)
(512,39)
(513,39)
(513,38)
(513,37)
(514,37)
(515,37)
(516,37)
(517,37)
(517,36)
(518,36)
(519,36)
(520,36)
(520,37)
(520,38)
(520,39)
(521,39)
(522,39)
(523,39)
(524,39)
(525,39)
(526,39)
(527,39)
(528,39)
(529,39)
(530,39)
(531,39)
(532,39)
(532,40)
(532,41)
(533,41)
(534,41)
(534,42)
(534,43)
(535,43)
(535,44)
(536,44)
(537,44)
(538,44)
(539,44)
(539,45)
(539,46)
(540,46)
(541,46)
(542,46)
(543,46)
(544,46)
(544,45)
(545,45)
(545,44)
(546,44)
(547,44)
(547,45)
(548,45)
(549,45)
(550,45)
(551,45)
(551,46)
(551,47)
(551,48)
(552,48)
(553,48)
(553,49)
(554,49)
(555,49)
(556,49)
(556,50)
(557,50)
(557,51)
(558,51)
(558,52)
(559,52)
(559,53)
(559,54)
(560,54)
(560,55)
(560,56)
(561,56)
(562,56)
(562,57)
(563,57)
(563,58)
(563,59)
(564,59)
(565,59)
(566,59)
(567,59)
(568,59)
(568,58)
(569,58)
(569,57)
(569,56)
(569,55)
(569,54)
(569,53)
(568,53)
(568,52)
(567,52)
(566,52)
(565,52)
(564,52)
(563,52)
(563,51)
(563,50)
(563,49)
(564,49)
(565,49)
(566,49)
(567,49)
(568,49)
(568,48)
(569,48)
(570,48)
(571,48)
(572,48)
(573,48)
(574,48)
(575,48)
(576,48)
(577,48)
(578,48)
(578,49)
(578,50)
(578,51)
(579,51)
(580,51)
(581,51)
(581,50)
(582,50)
(583,50)
(584,50)
(585,50)
(585,51)
(586,51)
(586,52)
(587,52)
(588,52)
(589,52)
(589,51)
(590,51)
(591,51)
(591,52)
(591,53)
(591,54)
(591,55)
(591,56)
(591,57)
(592,57)
(593,57)
(594,57)
(595,57)
(595,58)
(595,59)
(596,59)
(597,59)
(598,59)
(599,59)
Maze solved!
