(0,1)
(1,1)
(1,2)
(1,3)
(1,4)
(1,5)
(1,6)
(1,7)
(1,8)
(1,9)
(2,9)
(3,9)
(3,10)
(3,11)
(4,11)
(5,11)
(5,12)
(5,13)
(5,14)
(6,14)
(7,14)
(8,14)
(9,14)
(10,14)
(11,14)
(12,14)
(13,14)
(14,14)
(14,15)
(14,16)
(14,17)
(15,17)
(16,17)
(17,17)
(18,17)
(18,16)
(18,15)
(18,14)
(19,14)
(20,14)
(21,14)
(21,13)
(21,12)
(20,12)
(19,12)
(19,11)
(19,10)
(19,9)
(18,9)
(17,9)
(16,9)
(15,9)
(15,8)
(15,7)
(15,6)
(16,6)
(17,6)
(18,6)
(19,6)
(20,6)
(21,6)
(22,6)
(23,6)
(23,7)
(23,8)
(24,8)
(25,8)
(25,9)
(26,9)
(27,9)
(28,9)
(28,10)
(29,10)
(29,11)
(29,12)
(29,13)
(29,14)
(29,15)
(29,16)
(29,17)
(29,18)
(29,19)
(29,20)
(29,21)
(30,21)
(31,21)
(31,22)
(31,23)
(32,23)
(32,24)
(32,25)
(32,26)
(32,27)
(32,28)
(33,28)
(33,29)
(33,30)
(34,30)
(34,31)
(34,32)
(34,33)
(34,34)
(35,34)
(35,35)
(35,36)
(35,37)
(34,37)
(34,38)
(34,39)
(34,40)
(34,41)
(35,41)
(35,42)
(35,43)
(35,44)
(35,45)
(35,46)
(36,46)
(36,47)
(37,47)
(38,47)
(39,47)
(39,48)
(39,49)
(38,49)
(38,50)
(38,51)
(38,52)
(38,53)
(38,54)
(38,55)
(38,56)
(38,57)
(39,57)
(39,58)
(40,58)
(41,58)
(42,58)
(42,59)
(42,60)
(43,60)
(43,61)
(44,61)
(45,61)
(46,61)
(47,61)
(47,62)
(48,62)
(49,62)
(49,63)
(49,64)
(49,65)
(50,65)
(51,65)
(51,66)
(52,66)
(52,67)
(52,68)
(52,69)
(53,69)
(53,70)
(54,70)
(55,70)
(56,70)
(57,70)
(58,70)
(58,71)
(58,72)
(58,73)
(58,74)
(58,75)
(58,76)
(58,77)
(59,77)
(60,77)
(61,77)
(61,78)
(61,79)
(61,80)
(61,81)
(61,82)
(62,82)
(63,82)
(63,83)
(64,83)
(65,83)
(65,84)
(65,85)
(65,86)
(65,87)
(65,88)
(65,89)
(66,89)
(67,89)
(67,90)
(68,90)
(68,91)
(69,91)
(69,92)
(70,92)
(71,92)
(71,93)
(72,93)
(73,93)
(73,92)
(74,92)
(74,91)
(74,90)
(73,90)
(73,89)
(73,88)
(73,87)
(74,87)
(75,87)
(75,86)
(75,85)
(75,84)
(75,83)
(76,83)
(76,82)
(76,81)
(76,80)
(76,79)
(75,79)
(75,78)
(75,77)
(75,76)
(76,76)
(76,75)
(76,74)
(77,74)
(78,74)
(78,73)
(79,73)
(79,72)
(79,71)
(79,70)
(79,69)
(78,69)
(77,69)
(77,68)
(77,67)
(78,67)
(78,66)
(78,65)
(78,64)
(78,63)
(77,63)
(77,62)
(76,62)
(76,61)
(76,60)
(76,59)
(75,59)
(74,59)
(74,58)
(74,57)
(74,56)
(74,55)
(75,55)
(76,55)
(77,55)
(78,55)
(79,55)
(79,56)
(80,56)
(80,57)
(80,58)
(81,58)
(82,58)
(82,59)
(82,60)
(83,60)
(83,61)
(83,62)
(83,63)
(83,64)
(83,65)
(83,66)
(83,67)
(83,68)
(83,69)
(83,70)
(83,71)
(83,72)
(82,72)
(82,73)
(82,74)
(83,74)
(83,75)
(83,76)
(83,77)
(84,77)
(85,77)
(85,78)
(86,78)
(87,78)
(87,79)
(87,80)
(87,81)
(87,82)
(87,83)
(86,83)
(86,84)
(86,85)
(85,85)
(85,86)
(85,87)
(85,88)
(84,88)
(84,89)
(84,90)
(83,90)
(83,91)
(83,92)
(82,92)
(81,92)
(80,92)
(79,92)
(79,93)
(79,94)
(78,94)
(78,95)
(77,95)
(76,95)
(76,96)
(76,97)
(77,97)
(77,98)
(78,98)
(78,99)
(79,99)
(80,99)
(80,100)
(80,101)
(80,102)
(81,102)
(81,103)
(81,104)
(81,105)
(81,106)
(81,107)
(82,107)
(82,108)
(82,109)
(82,110)
(83,110)
(84,110)
(84,111)
(85,111)
(86,111)
(86,112)
(86,113)
(85,113)
(85,114)
(85,115)
(85,116)
(85,117)
(85,118)
(85,119)
(85,120)
(85,121)
(86,121)
(87,121)
(87,122)
(87,123)
(87,124)
(88,124)
(89,124)
(90,124)
(90,125)
(91,125)
(91,126)
(91,127)
(91,128)
(91,129)
(91,130)
(91,131)
(92,131)
(92,132)
(92,133)
(92,134)
(92,135)
(93,135)
(93,136)
(93,137)
(92,137)
(91,137)
(91,138)
(91,139)
(90,139)
(90,140)
(90,141)
(90,142)
(90,143)
(91,143)
(91,144)
(91,145)
(92,145)
(93,145)
(94,145)
(94,146)
(94,147)
(95,147)
(95,148)
(95,149)
(95,150)
(94,150)
(94,151)
(94,152)
(93,152)
(93,153)
(93,154)
(93,155)
(93,156)
(92,156)
(92,157)
(92,158)
(92,159)
(92,160)
(92,161)
(92,162)
(92,163)
(92,164)
(92,165)
(92,166)
(92,167)
(92,168)
(92,169)
(92,170)
(92,171)
(92,172)
(92,173)
(92,174)
(92,175)
(92,176)
(92,177)
(92,178)
(92,179)
(92,180)
(92,181)
(92,182)
(93,182)
(94,182)
(95,182)
(96,182)
(96,183)
(96,184)
(96,185)
(96,186)
(95,186)
(95,187)
(95,188)
(95,189)
(95,190)
(96,190)
(96,191)
(96,192)
(95,192)
(95,193)
(95,194)
(95,195)
(95,196)
(95,197)
(95,198)
(96,198)
(97,198)
(98,198)
(99,198)
Maze solved!
